#          omega_b,        omega_cdm,      100*theta_s,     ln10^{10}A_s,              n_s,         tau_reio,         deg_ncdm,           m_ncdm,        A_cib_217,        xi_sz_cib,             A_sz,     ps_A_100_100,     ps_A_143_143,     ps_A_143_217,     ps_A_217_217,         ksz_norm,     gal545_A_100,     gal545_A_143, gal545_A_143_217,     gal545_A_217,    galf_TE_A_100, galf_TE_A_100_143, galf_TE_A_100_217,    galf_TE_A_143, galf_TE_A_143_217,    galf_TE_A_217,       calib_100T,       calib_217T,         A_planck,           z_reio,     Omega_Lambda,              YHe,               H0,              A_s,           sigma8,      100*theta_d
 5.131237e-08	 3.224207e-07	-5.819384e-08	 1.836663e-06	 1.568328e-06	 3.953460e-07	 3.117701e-05	-1.935290e-06	 1.004083e-04	-9.522653e-07	 4.919179e-06	 2.139574e-04	 7.529320e-05	 1.622953e-05	-7.645938e-05	 1.424514e-05	 1.046092e-05	 1.640551e-05	 2.164549e-05	-2.981852e-05	-2.015622e-07	-1.505130e-07	-2.658992e-07	-2.050041e-07	-6.757932e-07	-2.359477e-06	 2.859926e-09	 1.599643e-10	 1.527917e-08	 3.794469e-05	 2.531824e-06	 4.588090e-07	 3.279227e-04	 3.827149e-15	 2.110094e-06	 7.337971e-08	
 3.224207e-07	 8.832320e-06	-1.232260e-06	 2.425306e-05	 1.506002e-05	 4.542627e-07	 4.886172e-04	-1.616461e-06	 2.678891e-03	-4.368287e-05	-3.404778e-04	 1.163656e-02	 6.227166e-03	 2.220626e-03	-2.373624e-04	 7.663614e-04	 1.979399e-04	 4.374158e-04	 6.817916e-04	-1.104169e-04	-1.923663e-06	-1.641383e-06	-1.881622e-06	 1.880865e-06	 1.199530e-06	 1.333233e-05	-6.793500e-09	 3.155903e-08	-1.224938e-07	 1.803956e-04	 3.882384e-06	 6.985926e-06	 2.565224e-03	 5.051278e-14	 2.447651e-05	 2.307287e-06	
-5.819384e-08	-1.232260e-06	 2.680703e-07	-3.762269e-06	-2.703970e-06	-2.474418e-07	-7.804585e-05	 9.223786e-07	-4.165954e-04	 6.501891e-06	 4.443456e-05	-1.720999e-03	-8.280719e-04	-2.693011e-04	 9.111147e-05	-1.131523e-04	-2.454966e-05	-6.208266e-05	-8.953761e-05	 6.086021e-05	 3.875854e-07	 2.386999e-07	 2.241586e-07	-2.282546e-07	-3.533102e-07	-2.152772e-06	-1.093335e-09	-4.916963e-09	 9.262489e-09	-4.202734e-05	-1.697451e-06	-1.119574e-06	-4.714157e-04	-7.836507e-15	-3.681395e-06	-3.350036e-07	
 1.836663e-06	 2.425306e-05	-3.762269e-06	 3.375991e-04	 7.293854e-05	 1.216208e-04	 1.720754e-03	 5.527558e-06	 5.599692e-03	 5.562580e-05	-3.123279e-04	 1.807283e-02	 1.264418e-02	 9.338375e-03	 5.209225e-03	 1.959831e-04	 4.453135e-04	-5.809910e-04	 1.592558e-04	 1.182870e-04	-8.694982e-06	-1.361126e-05	-2.679292e-05	-7.416164e-06	-2.445737e-05	-2.155874e-05	 8.941163e-08	 4.369640e-07	 1.180788e-05	 1.275403e-02	 5.618501e-05	 2.491237e-05	 1.197368e-02	 7.035159e-13	 1.600976e-04	 6.486419e-06	
 1.568328e-06	 1.506002e-05	-2.703970e-06	 7.293854e-05	 7.479500e-05	 1.553039e-05	 1.369635e-03	-6.077571e-05	 2.549437e-03	-1.607002e-05	 2.894457e-04	 4.017131e-03	 5.860319e-03	 5.089812e-03	 1.830835e-03	-2.998483e-05	 9.770338e-04	 7.398230e-04	 1.225910e-03	 5.771744e-04	-7.934064e-06	-3.445506e-06	-6.693514e-06	 1.919857e-06	-9.636098e-06	-4.242303e-05	-9.448073e-08	 9.693583e-09	 1.981007e-07	 1.651274e-03	 9.287725e-05	 1.986313e-05	 1.282636e-02	 1.519872e-13	 8.134971e-05	 5.172023e-06	
 3.953460e-07	 4.542627e-07	-2.474418e-07	 1.216208e-04	 1.553039e-05	 5.973199e-05	 1.898136e-04	 9.989056e-06	-8.613336e-04	 6.549923e-05	 2.578906e-04	-7.357362e-03	-2.460705e-03	 6.017079e-04	 4.737102e-04	-5.329827e-04	 1.337948e-04	-6.135350e-04	-6.046342e-04	-3.979159e-04	-4.563724e-06	-4.811951e-06	-1.077834e-05	-4.645800e-06	-8.831253e-06	-2.151235e-05	 5.476817e-09	 1.539353e-07	-1.942142e-08	 6.108450e-03	 1.766733e-05	 2.824168e-06	 2.092391e-03	 2.535114e-13	 3.942531e-05	 2.716912e-07	
 3.117701e-05	 4.886172e-04	-7.804585e-05	 1.720754e-03	 1.369635e-03	 1.898136e-04	 3.423693e-02	-7.350726e-04	 1.748809e-01	-2.899514e-03	-1.618746e-02	 7.035872e-01	 3.427792e-01	 1.087610e-01	-5.186157e-02	 5.015881e-02	 1.482319e-02	 2.936994e-02	 4.524726e-02	-9.790328e-03	-1.771741e-04	-1.100236e-04	-1.635179e-04	 3.717591e-05	-1.140268e-04	-1.163243e-04	 1.400437e-07	 1.681312e-06	 7.852693e-07	 2.470632e-02	 1.319628e-03	 4.930722e-04	 2.512640e-01	 3.584811e-12	 1.748504e-03	 1.445621e-04	
-1.935290e-06	-1.616461e-06	 9.223786e-07	 5.527558e-06	-6.077571e-05	 9.989056e-06	-7.350726e-04	 1.076810e-03	 2.299399e-03	-4.292779e-05	-1.615338e-03	 3.008348e-02	 9.350711e-03	 6.652363e-04	 2.084537e-04	 4.176808e-03	 1.948383e-04	-5.161913e-04	 5.917377e-04	 1.282140e-03	 1.447606e-06	 1.598451e-05	-7.532651e-05	 5.459931e-05	 8.425813e-05	-3.474485e-05	 3.227446e-07	 3.807014e-07	 1.717692e-06	 1.751985e-03	-4.478507e-04	-1.112325e-05	-3.610980e-02	 1.149225e-14	-6.670388e-04	-9.966676e-07	
 1.004083e-04	 2.678891e-03	-4.165954e-04	 5.599692e-03	 2.549437e-03	-8.613336e-04	 1.748809e-01	 2.299399e-03	 4.514726e+01	-4.201243e-01	-7.110279e-01	 3.975066e+01	 2.898003e+00	-1.231209e+01	-5.468924e+01	 6.208935e-03	 3.648324e-01	 1.006689e+00	-5.232690e+00	-3.297501e+01	-4.939509e-04	-5.609017e-03	-9.419962e-03	-1.938389e-03	-6.636149e-03	-1.362025e-02	-1.601600e-04	 6.265679e-04	 9.508892e-04	-4.449956e-02	 3.225973e-03	 2.491030e-03	 1.012849e+00	 1.164510e-11	 3.444173e-03	 8.948334e-04	
-9.522653e-07	-4.368287e-05	 6.501891e-06	 5.562580e-05	-1.607002e-05	 6.549923e-05	-2.899514e-03	-4.292779e-05	-4.201243e-01	 8.058549e-02	-3.006146e-02	-7.752667e-01	 8.484025e-01	 1.684186e+00	 6.701657e-01	 3.469684e-02	-6.428920e-03	 6.625766e-03	 1.040408e-01	 1.448382e-01	 5.956271e-05	 9.737892e-05	-3.573909e-04	-2.258863e-04	-2.915062e-04	-9.896129e-04	 4.365593e-06	-5.177211e-07	-2.572381e-06	 5.963770e-03	-4.776080e-05	-4.094115e-05	-1.642373e-02	 1.166120e-13	 1.219848e-05	-1.711046e-05	
 4.919179e-06	-3.404778e-04	 4.443456e-05	-3.123279e-04	 2.894457e-04	 2.578906e-04	-1.618746e-02	-1.615338e-03	-7.110279e-01	-3.006146e-02	 3.773387e+00	-3.095472e+01	-3.604691e+00	 7.271454e+00	 4.679820e+00	-2.552336e+00	-2.463936e-01	 1.294346e-01	 2.467546e+00	 2.938734e+00	 6.602042e-04	 4.672041e-04	 3.340702e-03	 1.110814e-03	 1.956502e-03	 4.860517e-03	 8.024661e-05	-4.219112e-05	 3.179199e-05	 1.720414e-02	 8.458201e-04	-2.250581e-04	-1.357324e-02	-6.459726e-13	 4.372049e-04	-1.181833e-04	
 2.139574e-04	 1.163656e-02	-1.720999e-03	 1.807283e-02	 4.017131e-03	-7.357362e-03	 7.035872e-01	 3.008348e-02	 3.975066e+01	-7.752667e-01	-3.095472e+01	 7.958596e+02	 7.856257e+01	-5.345230e+01	-5.996219e+01	 1.356285e+01	-5.936891e+00	 6.317520e+00	-1.006978e+01	-2.191097e+01	-1.131577e-03	-2.340420e-02	-4.813699e-02	-2.142126e-02	-2.318519e-02	 2.404666e-02	 3.662030e-03	 6.931787e-04	 3.283097e-03	-5.188863e-01	-6.835501e-04	 9.926801e-03	 3.068377e+00	 3.772040e-11	 6.549248e-05	 4.097475e-03	
 7.529320e-05	 6.227166e-03	-8.280719e-04	 1.264418e-02	 5.860319e-03	-2.460705e-03	 3.427792e-01	 9.350711e-03	 2.898003e+00	 8.484025e-01	-3.604691e+00	 7.856257e+01	 6.363570e+01	 3.976516e+01	 1.491510e+01	-3.940535e+00	-3.057012e-01	-9.998158e-01	 3.580528e+00	 4.135197e+00	-2.123734e-03	 9.575263e-04	-8.770112e-03	-1.055140e-03	-3.307478e-03	 3.763237e-02	 7.251788e-05	 1.707714e-04	 6.119563e-04	-1.183542e-01	-1.782000e-03	 4.836605e-03	 1.411154e+00	 2.625295e-11	 8.177586e-03	 2.071305e-03	
 1.622953e-05	 2.220626e-03	-2.693011e-04	 9.338375e-03	 5.089812e-03	 6.017079e-04	 1.087610e-01	 6.652363e-04	-1.231209e+01	 1.684186e+00	 7.271454e+00	-5.345230e+01	 3.976516e+01	 8.373152e+01	 5.113432e+01	-1.081239e+01	-8.062098e-01	-6.544744e-01	 4.368546e+00	 7.029795e+00	 1.901507e-03	 4.609135e-03	-4.992084e-03	 2.813632e-03	 4.925152e-03	 1.038827e-02	 3.448412e-04	-2.879068e-04	 3.379176e-04	 1.100413e-01	-1.106784e-03	 1.534675e-03	 4.043427e-01	 1.942566e-11	 7.841552e-03	 6.725971e-04	
-7.645938e-05	-2.373624e-04	 9.111147e-05	 5.209225e-03	 1.830835e-03	 4.737102e-04	-5.186157e-02	 2.084537e-04	-5.468924e+01	 6.701657e-01	 4.679820e+00	-5.996219e+01	 1.491510e+01	 5.113432e+01	 1.013382e+02	-8.540118e+00	-8.322943e-01	-1.654593e+00	 4.716851e+00	 3.251167e+01	 1.848454e-03	 7.961594e-03	 1.117364e-02	 6.551264e-03	 2.300106e-02	 6.651186e-02	 3.335501e-04	-1.139199e-03	 8.961424e-04	 5.657381e-02	-4.815927e-03	-7.547909e-04	-5.737403e-01	 1.081066e-11	 3.785543e-03	-1.570000e-04	
 1.424514e-05	 7.663614e-04	-1.131523e-04	 1.959831e-04	-2.998483e-05	-5.329827e-04	 5.015881e-02	 4.176808e-03	 6.208935e-03	 3.469684e-02	-2.552336e+00	 1.356285e+01	-3.940535e+00	-1.081239e+01	-8.540118e+00	 5.517043e+00	 2.101788e-01	-1.474734e-01	-1.783672e+00	-2.003892e+00	-1.374340e-04	-3.228142e-04	 8.362341e-04	-1.413543e-03	-4.409769e-03	-1.321100e-02	-2.823747e-05	-9.337632e-06	-4.040361e-05	-3.786235e-02	-3.587398e-04	 7.095495e-04	 1.928400e-01	 4.226261e-13	-2.003275e-03	 2.984949e-04	
 1.046092e-05	 1.979399e-04	-2.454966e-05	 4.453135e-04	 9.770338e-04	 1.337948e-04	 1.482319e-02	 1.948383e-04	 3.648324e-01	-6.428920e-03	-2.463936e-01	-5.936891e+00	-3.057012e-01	-8.062098e-01	-8.322943e-01	 2.101788e-01	 3.412613e+00	 5.182987e-01	 5.968776e-02	-9.490056e-02	-1.794052e-03	-1.011854e-05	 8.941677e-05	-5.428733e-04	 1.175946e-03	-6.801965e-04	 1.759105e-04	 1.609398e-05	 2.101935e-05	 1.610072e-02	 4.841623e-04	 2.119880e-04	 1.023863e-01	 9.385604e-13	 4.212071e-04	 7.431699e-05	
 1.640551e-05	 4.374158e-04	-6.208266e-05	-5.809910e-04	 7.398230e-04	-6.135350e-04	 2.936994e-02	-5.161913e-04	 1.006689e+00	 6.625766e-03	 1.294346e-01	 6.317520e+00	-9.998158e-01	-6.544744e-01	-1.654593e+00	-1.474734e-01	 5.182987e-01	 3.160032e+00	 2.673398e+00	 2.437018e+00	-8.224378e-05	-4.464128e-04	-1.191742e-03	-1.074668e-03	 3.105385e-03	 4.795649e-03	-1.917776e-04	-3.973630e-05	 1.115624e-05	-5.567092e-02	 9.121926e-04	 4.188212e-04	 1.990522e-01	-1.214688e-12	 5.997705e-04	 1.554790e-04	
 2.164549e-05	 6.817916e-04	-8.953761e-05	 1.592558e-04	 1.225910e-03	-6.046342e-04	 4.524726e-02	 5.917377e-04	-5.232690e+00	 1.040408e-01	 2.467546e+00	-1.006978e+01	 3.580528e+00	 4.368546e+00	 4.716851e+00	-1.783672e+00	 5.968776e-02	 2.673398e+00	 1.056121e+01	 1.870252e+01	 8.282984e-04	 1.625913e-03	-9.530550e-04	-1.579159e-03	 2.969915e-03	 1.440250e-02	-5.113094e-05	 4.005321e-04	 3.192193e-05	-5.002930e-02	 9.229266e-04	 6.432091e-04	 2.679803e-01	 3.479209e-13	 5.536783e-04	 2.502205e-04	
-2.981852e-05	-1.104169e-04	 6.086021e-05	 1.182870e-04	 5.771744e-04	-3.979159e-04	-9.790328e-03	 1.282140e-03	-3.297501e+01	 1.448382e-01	 2.938734e+00	-2.191097e+01	 4.135197e+00	 7.029795e+00	 3.251167e+01	-2.003892e+00	-9.490056e-02	 2.437018e+00	 1.870252e+01	 5.289176e+01	 6.281433e-04	 6.504719e-03	 2.897754e-03	 7.398015e-04	 3.444662e-03	 1.916481e-02	 1.981721e-05	 9.612049e-04	 6.213590e-04	-3.850272e-02	-9.571926e-04	-1.485998e-04	-1.121567e-01	 3.004532e-13	-3.516671e-04	 2.968196e-05	
-2.015622e-07	-1.923663e-06	 3.875854e-07	-8.694982e-06	-7.934064e-06	-4.563724e-06	-1.771741e-04	 1.447606e-06	-4.939509e-04	 5.956271e-05	 6.602042e-04	-1.131577e-03	-2.123734e-03	 1.901507e-03	 1.848454e-03	-1.374340e-04	-1.794052e-03	-8.224378e-05	 8.282984e-04	 6.281433e-04	 1.434326e-03	 2.773754e-04	 1.412698e-04	-3.299205e-04	-7.780210e-05	-1.855481e-05	-1.077966e-07	-2.829410e-07	 2.287227e-06	-4.610417e-04	-9.421778e-06	-2.508188e-06	-1.512614e-03	-1.851330e-14	-5.959646e-06	-6.383556e-07	
-1.505130e-07	-1.641383e-06	 2.386999e-07	-1.361126e-05	-3.445506e-06	-4.811951e-06	-1.100236e-04	 1.598451e-05	-5.609017e-03	 9.737892e-05	 4.672041e-04	-2.340420e-02	 9.575263e-04	 4.609135e-03	 7.961594e-03	-3.228142e-04	-1.011854e-05	-4.464128e-04	 1.625913e-03	 6.504719e-03	 2.773754e-04	 8.795109e-04	 6.613250e-06	 7.418456e-04	 5.143948e-05	-7.616077e-04	-1.630891e-07	 1.381449e-07	 6.399337e-07	-5.068626e-04	-9.133086e-06	-1.608031e-06	-1.156178e-03	-2.823153e-14	-1.699005e-05	-3.376972e-07	
-2.658992e-07	-1.881622e-06	 2.241586e-07	-2.679292e-05	-6.693514e-06	-1.077834e-05	-1.635179e-04	-7.532651e-05	-9.419962e-03	-3.573909e-04	 3.340702e-03	-4.813699e-02	-8.770112e-03	-4.992084e-03	 1.117364e-02	 8.362341e-04	 8.941677e-05	-1.191742e-03	-9.530550e-04	 2.897754e-03	 1.412698e-04	 6.613250e-06	 7.200735e-03	-3.089424e-04	 5.430137e-04	 4.416995e-03	-1.087102e-07	-9.082009e-07	 6.414077e-08	-1.107151e-03	 1.607517e-05	-2.360634e-06	 4.066862e-04	-5.609285e-14	 3.542981e-05	-3.080447e-07	
-2.050041e-07	 1.880865e-06	-2.282546e-07	-7.416164e-06	 1.919857e-06	-4.645800e-06	 3.717591e-05	 5.459931e-05	-1.938389e-03	-2.258863e-04	 1.110814e-03	-2.142126e-02	-1.055140e-03	 2.813632e-03	 6.551264e-03	-1.413543e-03	-5.428733e-04	-1.074668e-03	-1.579159e-03	 7.398015e-04	-3.299205e-04	 7.418456e-04	-3.089424e-04	 2.870755e-03	 4.968183e-04	-9.509556e-04	-2.584266e-07	 1.495219e-07	-8.190901e-07	-4.203024e-04	-2.731437e-05	 4.316403e-07	-1.793322e-03	-1.536066e-14	-3.059999e-05	 7.151632e-07	
-6.757932e-07	 1.199530e-06	-3.533102e-07	-2.445737e-05	-9.636098e-06	-8.831253e-06	-1.140268e-04	 8.425813e-05	-6.636149e-03	-2.915062e-04	 1.956502e-03	-2.318519e-02	-3.307478e-03	 4.925152e-03	 2.300106e-02	-4.409769e-03	 1.175946e-03	 3.105385e-03	 2.969915e-03	 3.444662e-03	-7.780210e-05	 5.143948e-05	 5.430137e-04	 4.968183e-04	 6.374292e-03	 7.904762e-03	 3.322345e-07	-1.264184e-07	-3.653082e-06	-6.675732e-04	-5.327386e-05	-1.757745e-06	-4.614363e-03	-5.224697e-14	-5.818602e-05	 8.984718e-07	
-2.359477e-06	 1.333233e-05	-2.152772e-06	-2.155874e-05	-4.242303e-05	-2.151235e-05	-1.163243e-04	-3.474485e-05	-1.362025e-02	-9.896129e-04	 4.860517e-03	 2.404666e-02	 3.763237e-02	 1.038827e-02	 6.651186e-02	-1.321100e-02	-6.801965e-04	 4.795649e-03	 1.440250e-02	 1.916481e-02	-1.855481e-05	-7.616077e-04	 4.416995e-03	-9.509556e-04	 7.904762e-03	 7.225136e-02	 1.914233e-07	-1.282756e-06	-8.989949e-07	-1.398452e-03	-9.640480e-05	-2.371184e-06	-8.277742e-03	-4.648749e-14	 4.918051e-05	 5.140367e-06	
 2.859926e-09	-6.793500e-09	-1.093335e-09	 8.941163e-08	-9.448073e-08	 5.476817e-09	 1.400437e-07	 3.227446e-07	-1.601600e-04	 4.365593e-06	 8.024661e-05	 3.662030e-03	 7.251788e-05	 3.448412e-04	 3.335501e-04	-2.823747e-05	 1.759105e-04	-1.917776e-04	-5.113094e-05	 1.981721e-05	-1.077966e-07	-1.630891e-07	-1.087102e-07	-2.584266e-07	 3.322345e-07	 1.914233e-07	 3.717094e-07	 6.247513e-10	-1.940600e-08	-4.410385e-07	-2.730221e-08	 2.463596e-09	-2.795297e-06	 1.968436e-16	-2.567285e-07	-7.809418e-09	
 1.599643e-10	 3.155903e-08	-4.916963e-09	 4.369640e-07	 9.693583e-09	 1.539353e-07	 1.681312e-06	 3.807014e-07	 6.265679e-04	-5.177211e-07	-4.219112e-05	 6.931787e-04	 1.707714e-04	-2.879068e-04	-1.139199e-03	-9.337632e-06	 1.609398e-05	-3.973630e-05	 4.005321e-04	 9.612049e-04	-2.829410e-07	 1.381449e-07	-9.082009e-07	 1.495219e-07	-1.264184e-07	-1.282756e-06	 6.247513e-10	 3.708007e-07	 2.737782e-08	 1.668029e-05	-1.391974e-07	 2.321727e-08	-1.736454e-06	 9.121824e-16	-1.101793e-08	 9.738416e-09	
 1.527917e-08	-1.224938e-07	 9.262489e-09	 1.180788e-05	 1.981007e-07	-1.942142e-08	 7.852693e-07	 1.717692e-06	 9.508892e-04	-2.572381e-06	 3.179199e-05	 3.283097e-03	 6.119563e-04	 3.379176e-04	 8.961424e-04	-4.040361e-05	 2.101935e-05	 1.115624e-05	 3.192193e-05	 6.213590e-04	 2.287227e-06	 6.399337e-07	 6.414077e-08	-8.190901e-07	-3.653082e-06	-8.989949e-07	-1.940600e-08	 2.737782e-08	 6.002864e-06	-6.026679e-06	 3.966471e-07	 1.825772e-08	 2.785335e-05	 2.460188e-14	 3.228827e-06	-3.256149e-08	
 3.794469e-05	 1.803956e-04	-4.202734e-05	 1.275403e-02	 1.651274e-03	 6.108450e-03	 2.470632e-02	 1.751985e-03	-4.449956e-02	 5.963770e-03	 1.720414e-02	-5.188863e-01	-1.183542e-01	 1.100413e-01	 5.657381e-02	-3.786235e-02	 1.610072e-02	-5.567092e-02	-5.002930e-02	-3.850272e-02	-4.610417e-04	-5.068626e-04	-1.107151e-03	-4.203024e-04	-6.675732e-04	-1.398452e-03	-4.410385e-07	 1.668029e-05	-6.026679e-06	 6.293621e-01	 1.325270e-03	 3.619976e-04	 2.033571e-01	 2.657303e-11	 3.961715e-03	 6.728645e-05	
 2.531824e-06	 3.882384e-06	-1.697451e-06	 5.618501e-05	 9.287725e-05	 1.766733e-05	 1.319628e-03	-4.478507e-04	 3.225973e-03	-4.776080e-05	 8.458201e-04	-6.835501e-04	-1.782000e-03	-1.106784e-03	-4.815927e-03	-3.587398e-04	 4.841623e-04	 9.121926e-04	 9.229266e-04	-9.571926e-04	-9.421778e-06	-9.133086e-06	 1.607517e-05	-2.731437e-05	-5.327386e-05	-9.640480e-05	-2.730221e-08	-1.391974e-07	 3.966471e-07	 1.325270e-03	 2.923477e-04	 1.957172e-05	 2.692508e-02	 1.171095e-13	 2.867400e-04	 3.050524e-06	
 4.588090e-07	 6.985926e-06	-1.119574e-06	 2.491237e-05	 1.986313e-05	 2.824168e-06	 4.930722e-04	-1.112325e-05	 2.491030e-03	-4.094115e-05	-2.250581e-04	 9.926801e-03	 4.836605e-03	 1.534675e-03	-7.547909e-04	 7.095495e-04	 2.119880e-04	 4.188212e-04	 6.432091e-04	-1.485998e-04	-2.508188e-06	-1.608031e-06	-2.360634e-06	 4.316403e-07	-1.757745e-06	-2.371184e-06	 2.463596e-09	 2.321727e-08	 1.825772e-08	 3.619976e-04	 1.957172e-05	 7.108017e-06	 3.660176e-03	 5.189389e-14	 2.539641e-05	 2.057670e-06	
 3.279227e-04	 2.565224e-03	-4.714157e-04	 1.197368e-02	 1.282636e-02	 2.092391e-03	 2.512640e-01	-3.610980e-02	 1.012849e+00	-1.642373e-02	-1.357324e-02	 3.068377e+00	 1.411154e+00	 4.043427e-01	-5.737403e-01	 1.928400e-01	 1.023863e-01	 1.990522e-01	 2.679803e-01	-1.121567e-01	-1.512614e-03	-1.156178e-03	 4.066862e-04	-1.793322e-03	-4.614363e-03	-8.277742e-03	-2.795297e-06	-1.736454e-06	 2.785335e-05	 2.033571e-01	 2.692508e-02	 3.660176e-03	 3.086382e+00	 2.494940e-11	 2.918006e-02	 8.689684e-04	
 3.827149e-15	 5.051278e-14	-7.836507e-15	 7.035159e-13	 1.519872e-13	 2.535114e-13	 3.584811e-12	 1.149225e-14	 1.164510e-11	 1.166120e-13	-6.459726e-13	 3.772040e-11	 2.625295e-11	 1.942566e-11	 1.081066e-11	 4.226261e-13	 9.385604e-13	-1.214688e-12	 3.479209e-13	 3.004532e-13	-1.851330e-14	-2.823153e-14	-5.609285e-14	-1.536066e-14	-5.224697e-14	-4.648749e-14	 1.968436e-16	 9.121824e-16	 2.460188e-14	 2.657303e-11	 1.171095e-13	 5.189389e-14	 2.494940e-11	 1.466311e-21	 3.336132e-13	 1.350928e-14	
 2.110094e-06	 2.447651e-05	-3.681395e-06	 1.600976e-04	 8.134971e-05	 3.942531e-05	 1.748504e-03	-6.670388e-04	 3.444173e-03	 1.219848e-05	 4.372049e-04	 6.549248e-05	 8.177586e-03	 7.841552e-03	 3.785543e-03	-2.003275e-03	 4.212071e-04	 5.997705e-04	 5.536783e-04	-3.516671e-04	-5.959646e-06	-1.699005e-05	 3.542981e-05	-3.059999e-05	-5.818602e-05	 4.918051e-05	-2.567285e-07	-1.101793e-08	 3.228827e-06	 3.961715e-03	 2.867400e-04	 2.539641e-05	 2.918006e-02	 3.336132e-13	 5.179119e-04	 6.585396e-06	
 7.337971e-08	 2.307287e-06	-3.350036e-07	 6.486419e-06	 5.172023e-06	 2.716912e-07	 1.445621e-04	-9.966676e-07	 8.948334e-04	-1.711046e-05	-1.181833e-04	 4.097475e-03	 2.071305e-03	 6.725971e-04	-1.570000e-04	 2.984949e-04	 7.431699e-05	 1.554790e-04	 2.502205e-04	 2.968196e-05	-6.383556e-07	-3.376972e-07	-3.080447e-07	 7.151632e-07	 8.984718e-07	 5.140367e-06	-7.809418e-09	 9.738416e-09	-3.256149e-08	 6.728645e-05	 3.050524e-06	 2.057670e-06	 8.689684e-04	 1.350928e-14	 6.585396e-06	 7.713178e-07	
